$ANSIBLE_VAULT;1.1;AES256
35396464353565306261376234633863303730313535613339616335303339626662366564303934
3164643365643038373238653332366634653730646338380a353639323764363733346461323962
39383361353062323063386661343563356666366238653636396462356665333636663862306230
6464623632303238650a613730356461336338316336666530323632386265626563346636323265
33376361613737333437613063393730306139313461376563366335353738643331366563333663
31316632313931353563343964626463653235383438366439303938316261666633326635376466
63366239623433653965353934386239303061663233336232626531363433333134323434653861
34316537633266343430636232633131333034396636636464633437613039333535393064626366
66666533643635646139316362386261643437313036666137646438303737623664393036653230
65616561646335333464316337656137323566343337366530656234653534373166383738656537
32396264623461653539316530383362356232373830303632646633643030333566653537636532
38636430363538663461633164666235346561643264336566636336313035316237363063643437
31356362343431373765373764666633373633643036626161363161626532366435393466653865
38386130353833353936303665386533346464666463623138346639333736323438373163303861
33646561663034653131383230393032626637376462616366393136303231306438623539633363
34663662383232363637313762366532353137353439623436343261316538316665636134653761
38393562343866626136336132666539303338383434353266613938383062383664376135313164
32333538356261653536393463616266373364613838373330306634613131353637323431373464
63656262393335346566373764363039633432613361663639363266356363333362613430353836
65623735336265343761353032303333343762386266396164643938316337396536313364653133
64343136376661303065323461373530643766353032326563613735353661666339356535373763
38643365333230663937376536636264346663363838333062656463363137303932393064623638
65633132383834343639663762613362343639623563663932343538346235366362323466636632
64663662366266636364
